ID	isSignature	score	pValue
ABRA	0	-3.634177	0.284000
ABT1	0	5.673010	0.076000
ACTL6A	0	6.767397	0.030000
ACTN2	0	-4.913117	0.140000
ADAMTS17	0	0.343412	0.941000
ADAMTS19	0	5.875689	0.065000
ADAR	0	3.538690	0.303000
ADNP	0	5.336972	0.098000
ADNP2	0	2.940345	0.405000
AEBP1	0	0.425358	0.929000
AEBP2	0	4.002833	0.231000
AES	0	2.416516	0.488000
AFF1	0	0.083156	0.984000
AFF2	0	-2.086232	0.545000
AFF3	0	-0.875933	0.831000
AFF4	0	1.111840	0.758000
AHCTF1	0	4.379195	0.193000
AHDC1	0	-4.713502	0.160000
AHR	0	2.666883	0.447000
AHRR	0	-4.562108	0.174000
AIM2	0	6.574949	0.037000
AIP	0	3.717614	0.269000
AIRE	0	-4.355801	0.194000
AKAP8	0	2.211267	0.516000
AKAP8L	0	3.292942	0.348000
AKNA	0	0.044215	0.989000
ALX1	0	-1.255237	0.724000
ALX3	0	-0.301290	0.945000
ALX4	0	-2.828255	0.420000
ANAPC2	0	-0.084022	0.984000
ANKRD1	0	1.804279	0.608000
ANKZF1	0	2.165564	0.525000
ANP32A	0	3.169868	0.359000
APBB3	0	0.340286	0.942000
APEX1	0	4.495302	0.180000
APTX	0	4.245878	0.208000
AR	0	0.666345	0.881000
ARGFX	0	4.040627	0.228000
ARID1A	0	2.152474	0.527000
ARID1B	0	-0.107740	0.982000
ARID2	0	3.970200	0.235000
ARID3A	0	-2.958198	0.400000
ARID3B	0	-3.120802	0.370000
ARID3C	0	-4.273126	0.206000
ARID4A	0	4.136133	0.217000
ARID4B	0	3.346692	0.339000
ARID5A	0	-4.713190	0.161000
ARID5B	0	4.713589	0.160000
ARNT	0	2.727776	0.435000
ARNT2	0	3.466101	0.317000
ARNTL	0	2.342005	0.500000
ARNTL2	0	6.323188	0.048000
ARX	0	-1.570443	0.664000
ASCL1	0	2.022868	0.556000
ASCL2	0	-3.138659	0.365000
ASCL3	0	-3.406428	0.331000
ASCL4	0	-2.614876	0.453000
ASH1L	0	1.931808	0.582000
ASH2L	0	2.216434	0.515000
ATAD2	1	6.343037	0.048000
ATF1	0	4.487197	0.181000
ATF2	0	2.318062	0.502000
ATF3	0	-2.870894	0.412000
ATF4	0	-3.538377	0.303000
ATF5	0	-0.991039	0.801000
ATF6	0	4.260411	0.207000
ATF6B	0	-3.130377	0.369000
ATF7	0	4.344030	0.195000
ATF7IP	0	3.810951	0.256000
ATMIN	0	2.204818	0.517000
ATN1	0	-1.308295	0.712000
ATOH1	0	-3.873397	0.249000
ATOH7	0	-4.413431	0.191000
ATOH8	0	-0.072129	0.985000
ATXN7	0	-0.510722	0.907000
ATXN7L3	0	0.295834	0.946000
BACH1	0	4.573819	0.174000
BACH2	0	-4.481364	0.182000
BAHD1	0	2.296265	0.504000
BANP	0	4.283806	0.205000
BARHL1	0	-4.137985	0.217000
BARHL2	0	-3.435399	0.324000
BARX1	0	-3.211641	0.358000
BARX2	0	3.850780	0.253000
BASP1	0	-2.488614	0.477000
BATF	0	-0.090732	0.983000
BATF2	0	-4.513433	0.179000
BATF3	0	-3.844881	0.254000
BAZ1A	0	6.118578	0.056000
BAZ1B	0	2.387983	0.494000
BAZ2A	0	3.600798	0.289000
BAZ2B	0	2.425069	0.486000
BBX	0	2.817828	0.422000
BCL10	0	4.521842	0.177000
BCL11A	0	0.133841	0.980000
BCL11B	0	-1.189195	0.740000
BCL3	0	0.937483	0.817000
BCL6	0	0.953905	0.812000
BCL6B	0	0.056335	0.987000
BCL9L	0	1.477787	0.677000
BCLAF1	0	3.284643	0.349000
BCOR	0	3.197515	0.358000
BDP1	0	0.865233	0.836000
BHLHA15	0	-4.956739	0.135000
BHLHE22	0	-3.098382	0.374000
BHLHE23	0	1.119894	0.756000
BHLHE40	0	0.477415	0.916000
BHLHE41	0	5.585778	0.082000
BMI1	0	4.148642	0.216000
BMP2	0	2.106011	0.540000
BNC1	0	-0.336521	0.942000
BNC2	0	0.980575	0.807000
BNIP3	0	-2.018092	0.557000
BOLA1	0	-4.598592	0.171000
BOLA3	0	-3.755463	0.266000
BPNT1	0	4.414323	0.190000
BPTF	0	3.772504	0.263000
BRCA1	0	9.831476	0.000000
BRCA2	0	8.689905	0.001000
BRD1	0	0.418135	0.930000
BRD3	0	1.455978	0.680000
BRD4	0	0.941160	0.816000
BRD7	0	5.006333	0.130000
BRD9	0	4.233271	0.208000
BRDT	0	-3.707181	0.270000
BRPF1	0	3.337695	0.341000
BSX	0	-4.293258	0.204000
BTG1	0	4.581211	0.173000
C10orf140	0	-2.863378	0.412000
C11orf9	0	-4.214248	0.211000
C11orf95	0	-4.038921	0.228000
C14orf106	0	5.855395	0.066000
C14orf43	0	-2.802267	0.426000
C16orf5	0	-5.271235	0.102000
C19orf2	0	3.083516	0.379000
C1D	0	-0.094966	0.983000
C20orf194	0	1.918445	0.584000
C21orf45	0	6.685892	0.032000
C5orf41	0	4.151107	0.216000
CALCOCO1	0	2.392599	0.493000
CAMTA1	0	4.254979	0.207000
CAMTA2	0	-1.854913	0.595000
CAND1	0	5.133500	0.120000
CARHSP1	0	-3.718339	0.268000
CARM1	0	2.145902	0.528000
CASC5	0	13.370586	0.000000
CASP8AP2	0	3.806568	0.257000
CASZ1	0	0.064439	0.986000
CBFB	0	4.445757	0.188000
CBLL1	0	1.676238	0.637000
CBX1	0	5.287311	0.100000
CBX2	0	-3.396731	0.333000
CBX3	0	4.319289	0.198000
CBX4	0	2.062055	0.549000
CBX5	0	4.002512	0.231000
CBX7	0	2.174891	0.523000
CBX8	0	2.125515	0.534000
CCDC71	0	-4.074899	0.224000
CCDC79	0	0.340257	0.942000
CCNE1	0	7.709041	0.005000
CCT4	0	4.080133	0.224000
CD36	0	5.226064	0.108000
CDC5L	0	4.245706	0.208000
CDK7	0	4.423658	0.189000
CDR2	0	3.582801	0.293000
CDX1	0	2.031271	0.555000
CDX2	0	-4.029674	0.229000
CDX4	0	-4.736705	0.159000
CEBPA	0	5.487477	0.089000
CEBPB	0	1.860355	0.594000
CEBPD	0	-0.930947	0.818000
CEBPE	0	-1.982652	0.564000
CEBPG	0	6.611635	0.034000
CEBPZ	0	4.580351	0.173000
CENPA	0	-3.189951	0.358000
CENPB	0	-3.964285	0.236000
CENPH	0	6.370609	0.046000
CENPI	0	8.718925	0.001000
CENPK	1	8.055103	0.003000
CENPN	0	0.229546	0.961000
CENPO	0	7.134829	0.018000
CENPP	0	4.153311	0.216000
CENPQ	0	5.993717	0.060000
CENPT	0	-0.348621	0.940000
CENPV	0	4.934334	0.137000
CHD1	0	3.284331	0.349000
CHD1L	0	5.286301	0.100000
CHD2	0	-0.635173	0.890000
CHD3	0	-2.002356	0.560000
CHD4	0	3.737206	0.267000
CHD5	0	-4.235168	0.208000
CHD6	0	3.292943	0.348000
CHD7	0	4.002156	0.231000
CHD8	0	4.804019	0.152000
CHD9	0	-0.300453	0.946000
CHRAC1	0	5.845413	0.067000
CIAO1	0	4.134902	0.217000
CIC	0	1.288766	0.715000
CIITA	0	-0.769644	0.852000
CIR1	0	5.051729	0.126000
CITED1	0	-0.742174	0.859000
CITED2	0	1.403217	0.693000
CIZ1	0	-2.373750	0.497000
CLOCK	0	3.876335	0.249000
CNOT1	0	4.023667	0.230000
CNOT3	0	-0.436760	0.927000
CNOT4	0	2.188391	0.519000
COPS2	0	3.771949	0.263000
COPS3	0	4.536175	0.175000
COPS4	0	4.325914	0.197000
COPS5	0	7.041110	0.023000
CPSF4	0	3.736411	0.267000
CPSF4L	0	-4.495802	0.180000
CPXCR1	0	2.401082	0.491000
CRAMP1L	0	-2.205148	0.517000
CREB1	0	4.410318	0.192000
CREB3	0	2.211673	0.516000
CREB3L1	0	-1.542157	0.668000
CREB3L2	0	2.978860	0.392000
CREB3L3	0	-4.533164	0.175000
CREB3L4	0	-0.065201	0.986000
CREB5	0	-4.446246	0.188000
CREBBP	0	2.127926	0.533000
CREBL2	0	-2.951082	0.403000
CREBZF	0	4.189513	0.214000
CREG1	0	4.509816	0.179000
CREM	0	-0.085820	0.984000
CRIP2	0	4.952801	0.136000
CRTC1	0	-3.389617	0.334000
CRX	0	-4.304800	0.201000
CRYM	0	-4.546226	0.175000
CSDA	0	1.912258	0.586000
CSDC2	0	-3.935455	0.240000
CSDE1	0	2.550919	0.471000
CSRP1	0	-0.680230	0.877000
CSRP2	0	-4.316659	0.199000
CSRP3	0	-4.420465	0.189000
CTCF	0	4.956470	0.135000
CTCFL	0	-3.407710	0.331000
CTNNB1	0	2.887141	0.409000
CUL1	0	3.692947	0.271000
CUL2	0	4.755293	0.157000
CUL3	0	3.202377	0.358000
CUL4A	0	3.732127	0.267000
CUL4B	0	4.162800	0.215000
CUL5	0	2.746417	0.432000
CUX1	0	0.044065	0.989000
CUX2	0	-0.434159	0.928000
CXXC1	0	-0.003581	0.999000
DACH1	0	-6.909967	0.026000
DACH2	0	-0.845085	0.838000
DBP	0	-2.775326	0.428000
DBX1	0	3.845920	0.254000
DBX2	0	-3.493756	0.312000
DCAF6	0	3.773840	0.263000
DCC	0	-3.647204	0.282000
DCP1A	0	3.775867	0.263000
DDIT3	0	4.437954	0.188000
DDX1	0	4.563785	0.174000
DDX5	0	2.560001	0.471000
DDX54	0	0.668480	0.881000
DEAF1	0	-0.641972	0.888000
DEK	0	2.604121	0.458000
DEPDC1	0	7.053673	0.022000
DEPDC1B	0	-0.825348	0.840000
DEPDC4	0	4.783398	0.155000
DEPDC5	0	4.505609	0.180000
DEPDC7	0	-3.194995	0.358000
DHX34	0	3.768077	0.263000
DHX57	0	4.697679	0.162000
DLX1	0	4.424569	0.189000
DLX2	0	5.139805	0.117000
DLX3	0	-4.389095	0.193000
DLX4	0	-4.495095	0.180000
DLX5	0	-1.418665	0.690000
DLX6	0	-3.531218	0.306000
DMAP1	0	-1.593774	0.660000
DMBX1	0	-4.465338	0.186000
DMC1	0	3.526429	0.307000
DMRT1	0	-0.423813	0.929000
DMRT2	0	-1.999342	0.560000
DMRT3	0	-2.249696	0.510000
DMRTA1	0	3.368363	0.337000
DMRTA2	0	-5.456080	0.090000
DMRTB1	0	-1.668740	0.639000
DMRTC2	0	-4.507030	0.180000
DMTF1	0	1.357626	0.704000
DNAJC1	0	5.094918	0.124000
DNAJC2	0	5.542335	0.086000
DNAJC21	0	4.693668	0.163000
DNMT3B	0	-4.290833	0.205000
DOT1L	0	3.888876	0.247000
DPF1	0	-3.919313	0.241000
DPF2	0	3.385294	0.335000
DPF3	0	-4.315100	0.200000
DPRX	0	0.763980	0.853000
DR1	0	4.354100	0.194000
DRAP1	0	2.524533	0.475000
DRGX	0	-4.785642	0.155000
DSP	0	3.826074	0.255000
DTX1	0	-4.667881	0.165000
DUS3L	0	3.418900	0.330000
DUSP12	0	6.503105	0.040000
DUXA	0	2.237620	0.511000
DVL1	0	0.304212	0.945000
DVL2	0	-0.104839	0.983000
DVL3	0	1.282016	0.716000
DYRK1B	0	-3.653500	0.281000
DZIP1	0	-0.985858	0.806000
DZIP1L	0	-3.669308	0.275000
E2F1	0	7.987024	0.004000
E2F2	0	-4.431902	0.189000
E2F3	0	5.694047	0.075000
E2F4	0	0.412001	0.932000
E2F5	0	6.676029	0.032000
E2F6	0	-2.974725	0.393000
E2F7	0	-0.842248	0.839000
E2F8	0	6.958299	0.024000
E4F1	0	2.989442	0.390000
EAF2	0	1.359729	0.704000
EBF1	0	1.724215	0.626000
EBF2	0	2.161223	0.526000
EBF3	0	-3.969714	0.235000
EBF4	0	0.864973	0.836000
EDF1	0	2.255197	0.509000
EEA1	0	5.423472	0.091000
EED	0	4.829012	0.150000
EGR1	0	-1.298879	0.713000
EGR2	0	-3.449546	0.320000
EGR3	0	0.542676	0.900000
EGR4	0	0.874055	0.832000
EHF	0	2.832626	0.420000
EIF3K	0	5.223880	0.108000
ELF1	0	2.277157	0.505000
ELF2	0	3.552410	0.301000
ELF3	0	3.710247	0.270000
ELF4	0	4.710225	0.161000
ELF5	0	6.895349	0.027000
ELK1	0	1.668724	0.639000
ELK3	0	4.334055	0.196000
ELK4	0	-6.509403	0.040000
EMX1	0	-3.111293	0.372000
EMX2	0	-3.292548	0.348000
EN1	0	-3.854334	0.253000
EN2	0	-1.012205	0.791000
ENO1	0	5.364648	0.095000
ENY2	0	7.086002	0.021000
EOMES	0	-3.791785	0.259000
EP300	0	3.003676	0.388000
EP400	0	2.215715	0.515000
EPAS1	0	1.379523	0.699000
ERF	0	2.714039	0.439000
ERG	0	1.851269	0.596000
ESR1	0	-3.657867	0.278000
ESR2	0	4.577811	0.173000
ESRRA	0	-1.344574	0.706000
ESRRB	0	-3.561106	0.298000
ESRRG	0	-5.524598	0.087000
ESX1	0	4.008283	0.230000
ETS1	0	1.891396	0.591000
ETS2	0	1.225881	0.734000
ETV1	0	3.411388	0.331000
ETV2	0	-5.024885	0.127000
ETV3	0	5.634657	0.080000
ETV3L	0	-0.413484	0.931000
ETV4	0	4.329239	0.197000
ETV5	0	3.440854	0.323000
ETV6	0	3.207719	0.358000
ETV7	0	-1.226842	0.734000
EVX1	0	-3.790031	0.260000
EVX2	0	-3.961595	0.236000
EWSR1	0	-2.458830	0.483000
EXOC2	0	4.517561	0.177000
EZH1	0	1.358917	0.704000
EZH2	0	7.867343	0.004000
FAM170A	0	-4.541196	0.175000
FAM171B	0	4.967376	0.135000
FARSA	0	1.254385	0.724000
FARSB	0	4.280136	0.205000
FBN1	0	1.913558	0.585000
FBXO41	0	-3.992937	0.232000
FERD3L	0	-4.587501	0.172000
FEV	0	-1.950178	0.575000
FEZF1	0	-3.551426	0.301000
FEZF2	0	-3.694666	0.271000
FGD1	0	3.185501	0.358000
FGF2	0	2.512333	0.475000
FHL2	0	0.495491	0.911000
FHL5	0	3.683729	0.274000
FIGLA	0	2.121771	0.534000
FIZ1	0	-4.780699	0.155000
FLI1	0	3.269848	0.349000
FMNL2	0	2.690880	0.442000
FOS	0	0.221155	0.963000
FOSB	0	-1.481728	0.676000
FOSL1	0	0.420298	0.930000
FOSL2	0	-1.640723	0.642000
FOXA1	0	-1.240916	0.729000
FOXA2	0	-4.710787	0.161000
FOXA3	0	-2.547658	0.472000
FOXB1	0	-2.236491	0.511000
FOXB2	0	-3.700562	0.270000
FOXC1	0	-1.749161	0.623000
FOXC2	0	-4.274200	0.206000
FOXD2	0	-1.108932	0.759000
FOXD3	0	0.491248	0.912000
FOXD4	0	-4.014758	0.230000
FOXE1	0	3.351242	0.339000
FOXE3	0	-2.111212	0.540000
FOXF1	0	-0.198529	0.969000
FOXF2	0	-0.791355	0.847000
FOXG1	0	-3.641404	0.283000
FOXH1	0	-3.213703	0.358000
FOXI1	0	-4.568872	0.174000
FOXI2	0	-2.618858	0.453000
FOXJ1	0	5.000608	0.132000
FOXJ2	0	3.038244	0.385000
FOXJ3	0	2.595780	0.460000
FOXK1	0	1.872401	0.592000
FOXK2	0	0.053413	0.987000
FOXL1	0	-4.409555	0.192000
FOXL2	0	-4.683598	0.163000
FOXM1	1	2.869915	0.412000
FOXN1	0	0.630918	0.890000
FOXN2	0	4.822246	0.150000
FOXN3	0	2.218518	0.514000
FOXN4	0	-2.520035	0.475000
FOXO1	0	2.691403	0.442000
FOXO3	0	-4.282240	0.205000
FOXO4	0	3.200085	0.358000
FOXP1	0	2.095963	0.543000
FOXP2	0	3.293887	0.348000
FOXP3	0	-3.095363	0.374000
FOXP4	0	1.454940	0.680000
FOXQ1	0	0.227946	0.962000
FOXR1	0	-3.772357	0.263000
FOXR2	0	-2.161185	0.526000
FOXS1	0	-4.655042	0.167000
GABPA	0	4.345246	0.195000
GABPB1	0	3.806730	0.257000
GATA1	0	-3.834012	0.255000
GATA2	0	0.757664	0.855000
GATA3	0	-0.727833	0.864000
GATA4	0	-3.035745	0.385000
GATA5	0	-4.150002	0.216000
GATA6	0	2.625542	0.452000
GATAD1	0	3.679663	0.274000
GATAD2A	0	-3.688444	0.271000
GATAD2B	0	2.449587	0.484000
GBX1	0	-4.075440	0.224000
GBX2	0	-3.737380	0.267000
GCM1	0	-2.332149	0.501000
GCM2	0	-4.389899	0.192000
GFI1	0	-1.603064	0.657000
GFI1B	0	-4.217418	0.211000
GJA9	0	-3.004984	0.388000
GLI1	0	-4.034076	0.229000
GLI2	0	-4.689640	0.163000
GLI3	0	2.600800	0.459000
GLI4	0	1.893961	0.590000
GLIS1	0	-3.539510	0.302000
GLIS2	0	2.047123	0.554000
GLIS3	0	3.297736	0.348000
GMEB1	0	1.956822	0.574000
GMEB2	0	3.499007	0.311000
GMNN	0	5.245698	0.105000
GON4L	0	2.827880	0.421000
GPATCH8	0	2.558110	0.471000
GPR123	0	-3.963099	0.236000
GPR155	0	-0.456075	0.922000
GPS2	0	0.105869	0.982000
GREB1	0	-4.782034	0.155000
GRHL1	0	4.344088	0.195000
GRHL2	0	0.636677	0.889000
GRHL3	0	7.276060	0.012000
GRIP1	0	5.112667	0.121000
GRLF1	0	2.024911	0.556000
GRM6	0	-1.596675	0.658000
GSC	0	-0.783135	0.849000
GSC2	0	-4.903974	0.141000
GSX1	0	2.846690	0.418000
GSX2	0	-3.689333	0.271000
GTF2A1	0	5.289298	0.100000
GTF2A1L	0	3.362742	0.338000
GTF2A2	0	5.081480	0.125000
GTF2E2	0	5.125711	0.120000
GTF2F1	0	-2.103875	0.540000
GTF2F2	0	5.092117	0.124000
GTF2I	0	4.255351	0.207000
GTF2IRD1	0	3.992128	0.232000
GTF3A	0	5.339050	0.098000
GZF1	0	4.511435	0.179000
H1F0	1	1.056586	0.778000
H1FOO	0	-4.464401	0.186000
H1FX	1	3.540710	0.302000
HAND1	0	-3.956120	0.236000
HAND2	0	-0.934644	0.817000
HBP1	0	4.321508	0.198000
HCFC1	0	0.371949	0.938000
HCFC2	0	2.551911	0.471000
HDAC1	0	3.546296	0.301000
HDAC2	0	3.661657	0.277000
HDAC3	0	0.778114	0.849000
HDAC4	0	-4.942492	0.137000
HDAC5	0	0.173321	0.976000
HDAC7	0	-3.469579	0.316000
HDAC8	0	3.863693	0.251000
HDAC9	0	-4.445333	0.188000
HDX	0	4.584919	0.172000
HELLS	0	7.039507	0.023000
HELT	0	0.456060	0.922000
HELZ	0	3.091987	0.375000
HES1	0	3.801219	0.258000
HES2	0	-3.171924	0.359000
HES3	0	-4.299325	0.202000
HES4	0	-1.565050	0.666000
HES5	0	-0.453786	0.923000
HES6	0	1.731772	0.624000
HES7	0	-3.118926	0.370000
HESX1	0	4.611657	0.170000
HEY1	0	-3.923431	0.241000
HEY2	0	3.166543	0.359000
HEYL	0	-0.368143	0.938000
HHEX	0	5.349622	0.097000
HIC1	0	-2.575998	0.469000
HIC2	0	-3.338631	0.341000
HIF1A	0	2.278542	0.505000
HIF3A	0	-3.698161	0.271000
HINFP	0	3.374275	0.337000
HIPK2	0	0.341371	0.941000
HIST1H1A	0	6.001872	0.060000
HIST1H1B	0	10.041372	0.000000
HIST1H1C	0	4.412393	0.191000
HIST1H1D	0	5.522092	0.087000
HIST1H1E	0	3.238001	0.357000
HIST1H1T	0	3.671808	0.275000
HIST1H4L	0	6.517062	0.040000
HIVEP1	0	6.250433	0.053000
HIVEP2	0	3.375549	0.337000
HIVEP3	0	0.492119	0.912000
HJURP	0	-0.674923	0.879000
HKR1	0	-4.352137	0.194000
HLF	0	1.059154	0.776000
HLTF	0	4.802054	0.152000
HLX	0	-4.328522	0.197000
HMBOX1	0	2.747204	0.432000
HMG20A	0	2.679243	0.444000
HMG20B	0	-0.093483	0.983000
HMGA1	0	8.246314	0.002000
HMGA2	0	-2.679644	0.444000
HMGB1	0	4.911861	0.140000
HMGB2	1	5.564004	0.084000
HMGB3	0	7.019818	0.023000
HMGB4	0	-4.654903	0.167000
HMGN2	0	-3.830652	0.255000
HMGXB3	0	0.862270	0.836000
HMGXB4	0	4.418615	0.189000
HMX1	0	-2.105358	0.540000
HMX2	0	-3.510533	0.310000
HMX3	0	1.500111	0.672000
HNF1A	0	-4.494856	0.180000
HNF1B	0	4.458876	0.186000
HNF4A	0	-4.246652	0.207000
HNF4G	0	4.878769	0.142000
HOMEZ	0	4.866958	0.144000
HOPX	0	4.948232	0.136000
HOXA1	0	0.998333	0.798000
HOXA10	0	-0.693639	0.873000
HOXA11	0	-1.978422	0.567000
HOXA13	0	-4.111984	0.220000
HOXA2	0	-2.025796	0.556000
HOXA3	0	3.435821	0.324000
HOXA4	0	2.979668	0.392000
HOXA5	0	3.252384	0.352000
HOXA6	0	-4.334971	0.195000
HOXA7	0	3.168751	0.359000
HOXA9	0	4.211940	0.211000
HOXB1	0	-3.138913	0.365000
HOXB13	0	-0.749128	0.857000
HOXB2	0	2.967655	0.394000
HOXB3	0	1.661291	0.640000
HOXB4	0	2.189636	0.519000
HOXB5	0	-4.237572	0.208000
HOXB6	0	-2.260919	0.508000
HOXB7	0	-2.078137	0.545000
HOXB8	0	-2.857529	0.414000
HOXB9	0	-3.558473	0.298000
HOXC10	0	-3.225455	0.357000
HOXC11	0	-2.650239	0.448000
HOXC12	0	-0.883743	0.827000
HOXC13	0	1.272246	0.720000
HOXC4	0	2.964821	0.394000
HOXC5	0	3.020050	0.386000
HOXC6	0	2.239515	0.511000
HOXC8	0	-4.176388	0.215000
HOXC9	0	2.361588	0.499000
HOXD1	0	4.092233	0.222000
HOXD10	0	-3.979343	0.234000
HOXD11	0	-4.581129	0.173000
HOXD12	0	-3.720872	0.268000
HOXD13	0	1.030874	0.786000
HOXD3	0	-3.975594	0.235000
HOXD4	0	3.607649	0.287000
HOXD8	0	-2.313679	0.502000
HOXD9	0	-4.722018	0.160000
HP1BP3	0	3.559768	0.298000
HR	0	-4.372308	0.193000
HSBP1	0	3.638944	0.283000
HSF1	0	1.688980	0.634000
HSF2	0	3.519038	0.308000
HSF2BP	0	2.753892	0.430000
HSF4	0	-3.062721	0.383000
HSF5	0	-3.399716	0.332000
HTATIP2	0	2.860328	0.413000
HTT	0	2.883281	0.410000
ICMT	0	4.061185	0.226000
ID1	0	2.538608	0.472000
ID2	0	0.449403	0.924000
ID3	0	0.002466	0.999000
ID4	0	1.066496	0.770000
IFI16	0	3.366856	0.338000
IFNB1	0	1.859712	0.594000
IFT172	0	1.792478	0.610000
IKZF1	0	4.508300	0.180000
IKZF2	0	-0.385022	0.938000
IKZF3	0	6.073410	0.056000
IKZF4	0	-3.729685	0.267000
IKZF5	0	1.091054	0.766000
IL31RA	0	-4.812277	0.151000
INF2	0	2.982847	0.391000
ING4	0	2.598540	0.459000
INO80	0	3.573077	0.295000
INSM1	0	-2.994687	0.389000
INSM2	0	-4.507889	0.180000
IRF1	0	0.505512	0.908000
IRF2	0	4.193906	0.214000
IRF3	0	3.744420	0.267000
IRF4	0	-1.558895	0.667000
IRF5	0	-3.459441	0.317000
IRF6	0	2.959408	0.398000
IRF7	0	-4.546221	0.175000
IRF8	0	4.065285	0.225000
IRF9	0	2.850675	0.416000
IRX1	0	-4.798982	0.152000
IRX2	0	-4.150941	0.216000
IRX3	0	-0.404244	0.937000
IRX4	0	2.345415	0.500000
IRX5	0	1.804206	0.608000
IRX6	0	-4.121786	0.219000
ISL1	0	-0.424819	0.929000
ISL2	0	-4.013416	0.230000
ISX	0	-0.782194	0.849000
ITGB3BP	0	4.989209	0.133000
JARID2	0	3.168211	0.359000
JAZF1	0	-1.927742	0.582000
JDP2	0	2.807993	0.425000
JMJD1C	0	2.948517	0.403000
JMJD4	0	2.635749	0.451000
JMY	0	3.134517	0.366000
JRKL	0	4.841487	0.149000
JUN	0	-0.277812	0.949000
JUNB	0	0.447023	0.924000
JUND	0	-3.258771	0.351000
JUP	0	5.042129	0.126000
KAT2A	0	1.959527	0.573000
KAT2B	0	2.487702	0.477000
KAT5	0	3.189488	0.358000
KCMF1	0	5.384182	0.093000
KCNIP3	0	-4.369633	0.193000
KDM1A	0	5.200720	0.110000
KDM3A	0	4.569882	0.174000
KDM3B	0	0.872071	0.833000
KDM4A	0	3.866362	0.250000
KDM4B	0	0.263963	0.951000
KDM4D	0	-3.668707	0.275000
KDM5A	0	1.807029	0.607000
KDM5B	0	5.568937	0.083000
KDM5C	0	3.352159	0.339000
KDM5D	0	2.032024	0.555000
KIAA0415	0	2.979813	0.392000
KIAA1549	0	1.928338	0.582000
KIAA1683	0	-3.480391	0.315000
KIAA2018	0	3.214112	0.358000
KIN	0	5.002546	0.132000
KLF1	0	-4.293391	0.204000
KLF10	0	0.684810	0.875000
KLF11	0	2.599408	0.459000
KLF12	0	3.062380	0.383000
KLF13	0	-1.808258	0.607000
KLF14	0	-4.498557	0.180000
KLF15	0	-3.786577	0.261000
KLF16	0	3.501044	0.311000
KLF17	0	-2.501167	0.476000
KLF2	0	1.855629	0.595000
KLF3	0	4.864384	0.145000
KLF4	0	1.286330	0.715000
KLF5	0	3.671478	0.275000
KLF6	0	1.786645	0.612000
KLF7	0	1.464376	0.678000
KLF8	0	3.289738	0.348000
KLF9	0	1.691174	0.634000
KNTC1	0	7.243417	0.013000
KRTAP5-1	0	-4.865424	0.145000
KRTAP5-9	0	-4.247266	0.207000
L3MBTL2	0	2.265896	0.507000
L3MBTL4	0	2.614711	0.453000
LARP1	0	4.654286	0.167000
LARP4	0	4.707460	0.161000
LARP6	0	0.302599	0.945000
LARP7	0	4.709441	0.161000
LASS2	0	3.797672	0.259000
LASS3	0	-1.042431	0.782000
LASS4	0	0.283746	0.948000
LASS5	0	4.205363	0.213000
LASS6	0	4.415157	0.190000
LBX1	0	1.795301	0.610000
LBX2	0	-3.653028	0.281000
LCOR	0	5.136173	0.119000
LCORL	0	-2.752129	0.430000
LDB1	0	0.753068	0.856000
LDB2	0	2.977872	0.392000
LEF1	0	2.905249	0.408000
LENG9	0	-4.241690	0.208000
LEUTX	0	-2.629941	0.452000
LGR4	0	1.756959	0.622000
LHX1	0	-3.348976	0.339000
LHX2	0	-2.836552	0.419000
LHX3	0	-4.804522	0.152000
LHX4	0	0.582909	0.894000
LHX5	0	-1.005614	0.796000
LHX6	0	-4.441341	0.188000
LHX8	0	-4.475039	0.185000
LHX9	0	-1.180997	0.744000
LIN28A	0	-4.398962	0.192000
LIN28B	0	-4.179867	0.215000
LITAF	0	2.045697	0.554000
LMCD1	0	-4.397584	0.192000
LMO1	0	2.315978	0.502000
LMO4	0	2.400437	0.491000
LMX1A	0	-4.629194	0.169000
LMX1B	0	-1.324452	0.707000
LOC729991-MEF2B	0	-3.662647	0.276000
LPIN2	0	2.700469	0.440000
LYL1	0	-4.343895	0.195000
MACF1	0	0.272582	0.949000
MAEL	0	3.436059	0.324000
MAF	0	1.703317	0.632000
MAFA	0	-3.974234	0.235000
MAFB	0	4.055865	0.226000
MAFF	0	2.400090	0.491000
MAFG	0	4.453651	0.186000
MAFK	0	-5.465052	0.090000
MAML1	0	2.876482	0.411000
MAML2	0	0.377408	0.938000
MAML3	0	1.093671	0.766000
MAP3K10	0	3.040635	0.384000
MATR3	0	3.040740	0.384000
MAX	0	2.567127	0.470000
MAZ	0	1.737963	0.624000
MBD1	0	2.422186	0.487000
MBD2	0	5.296293	0.099000
MBD3	0	0.501911	0.909000
MBD4	0	4.997632	0.132000
MBNL1	0	1.933328	0.580000
MBNL2	0	1.707804	0.632000
MBNL3	0	5.483639	0.089000
MECOM	0	5.820042	0.069000
MECP2	0	-4.534754	0.175000
MED1	0	5.876524	0.065000
MED12	0	2.717487	0.438000
MED13	0	3.268371	0.349000
MED14	0	3.921168	0.241000
MED15	0	-3.957454	0.236000
MED16	0	-2.141888	0.528000
MED17	0	4.654217	0.167000
MED21	0	4.209076	0.212000
MED23	0	3.252444	0.352000
MED24	0	3.146978	0.363000
MED26	0	4.267823	0.206000
MED27	0	3.994735	0.232000
MED30	0	4.980839	0.133000
MED4	0	4.373076	0.193000
MED6	0	4.396924	0.192000
MED7	0	1.118459	0.757000
MEF2A	0	1.735039	0.624000
MEF2B	0	-4.105577	0.220000
MEF2C	0	1.547938	0.668000
MEF2D	0	-0.395731	0.937000
MEFV	0	-3.763216	0.264000
MEIS1	0	-0.534271	0.901000
MEIS2	0	-0.419967	0.930000
MEIS3	0	-4.239904	0.208000
MEN1	0	2.097250	0.542000
MEOX1	0	-4.503610	0.180000
MEOX2	0	-4.770092	0.156000
MESP1	0	-4.159791	0.216000
MESP2	0	-2.499392	0.476000
MET	0	2.909685	0.408000
METTL3	0	4.933001	0.138000
MGA	0	3.926153	0.241000
MGMT	0	-3.832265	0.255000
MIER1	0	1.096726	0.763000
MIER2	0	3.572278	0.295000
MIER3	0	3.542498	0.302000
MINK1	0	2.332717	0.501000
MITF	0	1.692305	0.633000
MIXL1	0	-2.791779	0.427000
MKL1	0	-4.631924	0.169000
MKL2	0	0.271205	0.949000
MKRN1	0	3.989158	0.233000
MKRN2	0	4.395691	0.192000
MKRN3	0	4.996787	0.132000
MKX	0	2.214983	0.515000
MLF1IP	0	9.597139	0.000000
MLL	0	1.630123	0.646000
MLL2	0	0.851310	0.838000
MLL3	0	3.716994	0.269000
MLL4	0	3.614996	0.285000
MLL5	0	0.519999	0.905000
MLLT1	0	-1.568228	0.664000
MLLT3	0	4.607242	0.171000
MLX	0	5.413586	0.091000
MLXIP	0	1.639635	0.642000
MLXIPL	0	-4.709807	0.161000
MMS19	0	3.234859	0.357000
MNDA	0	4.323387	0.197000
MNT	0	3.621904	0.285000
MNX1	0	2.962914	0.395000
MORF4L1	0	0.916769	0.821000
MORF4L2	0	2.114168	0.539000
MPND	0	-2.187353	0.519000
MRPL28	0	5.074328	0.125000
MRRF	0	5.735837	0.074000
MSC	0	-4.427635	0.189000
MSGN1	0	1.203676	0.739000
MSL3	0	-0.863255	0.836000
MST1R	0	1.535432	0.669000
MSX1	0	0.919327	0.821000
MSX2	0	4.996711	0.132000
MTA1	0	0.625241	0.891000
MTA2	0	4.338279	0.195000
MTA3	0	4.634374	0.169000
MTF1	0	4.004419	0.231000
MTF2	0	4.939241	0.137000
MXD1	0	5.116305	0.121000
MXD3	0	-4.194680	0.214000
MXD4	0	-1.550419	0.668000
MXI1	0	0.501098	0.909000
MYB	0	4.468851	0.185000
MYBBP1A	0	2.186118	0.519000
MYBL1	0	5.165812	0.113000
MYBL2	0	-2.438945	0.485000
MYC	0	4.023168	0.230000
MYCBP	0	4.425387	0.189000
MYCL1	0	-2.015591	0.558000
MYCN	0	-3.635607	0.284000
MYF5	0	-2.066310	0.549000
MYF6	0	2.511936	0.475000
MYNN	0	4.847773	0.148000
MYOD1	0	-2.491520	0.477000
MYOG	0	-4.323313	0.197000
MYSM1	0	3.269379	0.349000
MYST1	0	3.107874	0.372000
MYST2	0	3.058458	0.383000
MYST3	0	3.851515	0.253000
MYST4	0	2.665736	0.447000
MYT1	0	5.721629	0.075000
MYT1L	0	-4.482603	0.182000
MZF1	0	-0.680059	0.877000
NAB1	0	3.876291	0.249000
NAB2	0	-4.546398	0.175000
NANOG	0	5.375441	0.094000
NASP	0	5.248485	0.105000
NCOA1	0	3.990744	0.232000
NCOA2	0	4.677506	0.164000
NCOA3	0	5.435860	0.091000
NCOA4	0	1.664103	0.640000
NCOA6	0	2.958693	0.399000
NCOR1	0	2.224455	0.513000
NCOR2	0	0.034519	0.991000
NEUROD1	0	-4.339964	0.195000
NEUROD2	0	-2.599809	0.459000
NEUROD4	0	-1.699747	0.632000
NEUROD6	0	-3.345721	0.339000
NEUROG1	0	-3.799752	0.258000
NEUROG2	0	-4.556435	0.174000
NEUROG3	0	-2.686529	0.443000
NFAT5	0	2.062866	0.549000
NFATC1	0	3.037464	0.385000
NFATC2	0	2.147242	0.528000
NFATC3	0	1.754970	0.623000
NFATC4	0	0.803471	0.842000
NFE2	0	-4.425921	0.189000
NFE2L1	0	0.798160	0.844000
NFE2L2	0	2.186452	0.519000
NFE2L3	0	4.204679	0.213000
NFIA	0	-0.394743	0.937000
NFIB	0	1.122285	0.756000
NFIC	0	-1.559431	0.666000
NFIL3	0	1.570208	0.664000
NFIX	0	-2.464760	0.483000
NFKB1	0	4.054794	0.227000
NFKB2	0	4.143830	0.216000
NFKBIA	0	2.161855	0.526000
NFKBIB	0	4.952617	0.136000
NFKBIE	0	-3.756575	0.266000
NFRKB	0	2.578399	0.468000
NFX1	0	3.564320	0.297000
NFXL1	0	4.589332	0.172000
NFYA	0	3.701312	0.270000
NFYB	0	2.018614	0.557000
NFYC	0	4.277457	0.205000
NHLH1	0	-4.893110	0.141000
NHLH2	0	-2.830210	0.420000
NKRF	0	5.898637	0.062000
NKX2-1	0	3.717121	0.269000
NKX2-2	0	2.092181	0.544000
NKX2-3	0	1.171969	0.746000
NKX2-4	0	-4.582703	0.172000
NKX2-5	0	-4.139172	0.217000
NKX2-6	0	-3.741894	0.267000
NKX2-8	0	-3.294586	0.348000
NKX3-1	0	-3.937592	0.240000
NKX3-2	0	-3.492667	0.312000
NKX6-1	0	-4.075489	0.224000
NKX6-2	0	0.085720	0.984000
NKX6-3	0	-3.044081	0.384000
NMI	0	5.007077	0.130000
NOBOX	0	-3.899094	0.246000
NOC3L	0	5.134125	0.120000
NOC4L	0	3.054042	0.383000
NOTO	0	-3.057578	0.383000
NPAS1	0	-4.136521	0.217000
NPAS2	0	2.044195	0.554000
NPAS3	0	-4.350383	0.195000
NPAS4	0	-0.347704	0.940000
NPAT	0	3.842806	0.255000
NPM1	0	6.451629	0.044000
NPM2	0	-3.559554	0.298000
NR0B1	0	3.716401	0.269000
NR0B2	0	-3.845682	0.254000
NR1D1	0	3.840533	0.255000
NR1D2	0	4.587184	0.172000
NR1H2	0	2.504331	0.476000
NR1H3	0	3.709763	0.270000
NR1H4	0	6.384773	0.045000
NR1I2	0	-4.648536	0.167000
NR1I3	0	-4.221939	0.210000
NR2C1	0	5.486135	0.089000
NR2C2	0	-4.273159	0.206000
NR2E1	0	-5.258004	0.104000
NR2E3	0	-4.628467	0.169000
NR2F1	0	0.893096	0.826000
NR2F2	0	1.477006	0.677000
NR2F6	0	3.365710	0.338000
NR3C1	0	0.975734	0.808000
NR3C2	0	0.410287	0.933000
NR4A1	0	-1.699083	0.633000
NR4A2	0	0.619722	0.891000
NR4A3	0	0.492648	0.912000
NR5A1	0	-4.427257	0.189000
NR5A2	0	2.779272	0.428000
NR6A1	0	-2.397237	0.491000
NRF1	0	3.783573	0.262000
NRG1	0	-0.388304	0.937000
NRIP1	0	5.497276	0.088000
NRK	0	2.175414	0.523000
NRL	0	-0.365356	0.939000
NSD1	0	2.257811	0.509000
NUFIP1	0	2.431483	0.486000
NUPL2	0	5.645370	0.079000
OIP5	0	2.421463	0.487000
OLIG1	0	0.490376	0.912000
OLIG2	0	-3.817667	0.256000
OLIG3	0	-2.404786	0.490000
ONECUT1	0	0.811029	0.842000
ONECUT2	0	0.259219	0.952000
ONECUT3	0	-2.042272	0.554000
OPTN	0	1.213659	0.736000
OSR1	0	-3.350581	0.339000
OSR2	0	3.433728	0.325000
OTOP3	0	-4.288052	0.205000
OTP	0	-0.473389	0.917000
OTUD7B	0	0.221115	0.963000
OTX1	0	1.021240	0.788000
OTX2	0	-4.437112	0.188000
OVOL1	0	-2.052740	0.551000
OVOL2	0	-1.361739	0.703000
PARP12	0	4.944599	0.137000
PATZ1	0	3.973800	0.235000
PAWR	0	5.225245	0.108000
PAX1	0	-3.522159	0.307000
PAX2	0	-3.809147	0.256000
PAX3	0	-0.087610	0.984000
PAX4	0	-4.004401	0.231000
PAX5	0	-3.122782	0.370000
PAX6	0	-4.323104	0.197000
PAX7	0	-3.248215	0.353000
PAX8	0	-4.231817	0.208000
PAX9	0	1.475100	0.677000
PAXIP1	0	5.296723	0.099000
PBRM1	0	3.585615	0.292000
PBX1	0	1.456716	0.680000
PBX3	0	-1.236200	0.732000
PBX4	0	-4.534396	0.175000
PBXIP1	0	2.276292	0.505000
PCBD1	0	4.016330	0.230000
PCGF2	0	1.640868	0.642000
PCGF6	0	-3.818308	0.256000
PCSK6	0	5.169304	0.113000
PDLIM1	0	1.726635	0.625000
PDLIM5	0	-0.458411	0.921000
PDS5B	0	2.869874	0.412000
PDX1	0	-4.658004	0.167000
PEG3	0	0.103040	0.983000
PEX14	0	-2.912837	0.408000
PFDN5	0	4.954798	0.135000
PGR	0	2.213814	0.516000
PHB2	0	2.396783	0.491000
PHF20	0	5.331915	0.098000
PHF21A	0	-1.176744	0.745000
PHOX2A	0	-2.990298	0.389000
PHOX2B	0	-1.177634	0.745000
PIAS1	0	1.494062	0.673000
PIAS2	0	-3.470670	0.316000
PIAS3	0	3.467608	0.317000
PIAS4	0	2.946164	0.404000
PINX1	0	4.520263	0.177000
PIR	0	-1.862516	0.593000
PITX1	0	3.024618	0.386000
PITX2	0	-1.962360	0.573000
PITX3	0	-3.990349	0.232000
PKHD1	0	-1.510500	0.671000
PKHD1L1	0	-4.436167	0.188000
PKN1	0	2.517485	0.475000
PKNOX1	0	4.336200	0.195000
PKNOX2	0	-0.737354	0.860000
PLAG1	0	4.087916	0.223000
PLAGL1	0	0.533094	0.901000
PLAGL2	0	4.913268	0.140000
PLEK	0	4.854640	0.148000
PLEK2	0	3.441850	0.323000
PLEKHA4	0	-3.767363	0.264000
PLRG1	0	3.149677	0.363000
PLXNA1	0	-0.804996	0.842000
PLXNA2	0	2.566132	0.470000
PLXNA3	0	1.434639	0.682000
PLXNA4	0	-4.502982	0.180000
PLXNB1	0	2.237071	0.511000
PLXNB2	0	3.140552	0.364000
PLXNB3	0	2.870550	0.412000
PLXNC1	0	3.920007	0.241000
PLXND1	0	0.009991	0.998000
PMF1	0	-4.883935	0.142000
PML	0	-4.330876	0.196000
PMS1	0	4.923432	0.138000
POGK	0	6.514853	0.040000
POGZ	0	1.187192	0.741000
POLE3	0	6.858866	0.028000
POLE4	0	5.303983	0.099000
POLR2L	0	-4.296974	0.204000
POU1F1	0	-3.623320	0.285000
POU2AF1	0	-3.643323	0.283000
POU2F1	0	3.870816	0.249000
POU2F2	0	-3.728852	0.268000
POU2F3	0	-4.100924	0.221000
POU3F1	0	-0.686547	0.874000
POU3F2	0	-4.562572	0.174000
POU3F3	0	2.386319	0.495000
POU3F4	0	0.501874	0.909000
POU4F1	0	-0.368693	0.938000
POU4F2	0	-4.065407	0.225000
POU4F3	0	-0.736129	0.861000
POU5F1B	0	-3.115746	0.371000
POU6F1	0	-0.636605	0.889000
POU6F2	0	-4.201773	0.213000
PPARA	0	3.142124	0.364000
PPARD	0	-2.308606	0.503000
PPARG	0	6.248895	0.053000
PPARGC1A	0	0.353460	0.940000
PPARGC1B	0	-4.407981	0.192000
PPP1R10	0	5.131589	0.120000
PPP1R13L	0	3.996093	0.231000
PQBP1	0	4.234208	0.208000
PRB3	0	-4.808531	0.151000
PRB4	0	-4.635927	0.168000
PRDM1	0	3.757395	0.265000
PRDM10	0	4.555217	0.174000
PRDM11	0	-4.277192	0.205000
PRDM12	0	-2.961760	0.395000
PRDM13	0	-2.066102	0.549000
PRDM14	0	-1.164976	0.750000
PRDM15	0	-4.333370	0.196000
PRDM16	0	-4.620971	0.170000
PRDM2	0	2.019170	0.556000
PRDM4	0	4.947061	0.136000
PRDM5	0	1.621455	0.650000
PRDM6	0	3.043127	0.384000
PRDM7	0	-3.994738	0.232000
PRDM8	0	-1.649659	0.641000
PRDM9	0	-4.912819	0.140000
PREB	0	3.583933	0.292000
PRIC285	0	2.531721	0.474000
PRKCB	0	1.891067	0.591000
PRKRIR	0	5.025763	0.127000
PRMT3	0	5.224696	0.108000
PROP1	0	-4.699154	0.162000
PROX1	0	3.462009	0.317000
PROX2	0	-4.774549	0.156000
PRPF6	0	1.853958	0.596000
PRR12	0	-4.173834	0.215000
PRR3	0	-5.039569	0.126000
PRRX1	0	-3.163303	0.359000
PRRX2	0	3.325842	0.345000
PSIP1	0	2.668550	0.447000
PSMC2	0	-3.989254	0.233000
PSMC3	0	6.151823	0.055000
PSMC5	0	5.481208	0.089000
PSMD11	0	5.095899	0.124000
PSMD12	0	3.066616	0.382000
PSMD9	0	1.823132	0.601000
PTCHD2	0	-3.550795	0.301000
PTF1A	0	2.800156	0.427000
PTTG1IP	0	5.038670	0.126000
PUS1	0	5.051177	0.126000
PYHIN1	0	5.129798	0.120000
RAD51	0	11.385627	0.000000
RAD54L2	0	1.852853	0.596000
RAG1	0	-2.761466	0.429000
RAN	0	8.118595	0.003000
RAPGEF3	0	3.491463	0.312000
RAPGEF4	0	1.953217	0.574000
RAPGEF5	0	5.569950	0.083000
RARA	0	3.496672	0.312000
RARB	0	3.747362	0.266000
RARG	0	4.369130	0.194000
RAX	0	-3.379984	0.336000
RAX2	0	-4.272544	0.206000
RB1	0	3.260717	0.350000
RBAK	0	4.653533	0.167000
RBBP4	0	4.309823	0.200000
RBBP5	0	4.300503	0.202000
RBBP7	0	2.628075	0.452000
RBBP9	0	4.620057	0.170000
RBL1	0	5.740500	0.074000
RBL2	0	1.356555	0.705000
RBM10	0	3.857845	0.252000
RBM14	0	2.577137	0.468000
RBM20	0	-1.998496	0.561000
RBM22	0	3.592678	0.291000
RBM26	0	4.087583	0.223000
RBM27	0	4.178415	0.215000
RBM5	0	1.703526	0.632000
RBM6	0	0.539233	0.901000
RBPJ	0	2.421214	0.487000
RBPJL	0	-4.130942	0.217000
RBPMS	0	-1.070899	0.769000
RC3H1	0	3.900650	0.245000
RC3H2	0	5.006130	0.130000
RCOR1	0	4.710348	0.161000
RCOR2	0	3.405994	0.331000
RCOR3	0	-1.867199	0.593000
REL	0	4.938712	0.137000
RELA	0	-0.554155	0.899000
RELB	0	2.959969	0.398000
RELL2	0	-2.927683	0.407000
REPIN1	0	3.504434	0.311000
RERE	0	-0.658120	0.882000
REST	0	2.081477	0.545000
RFX1	0	-4.646851	0.168000
RFX2	0	-4.254185	0.207000
RFX3	0	2.604063	0.458000
RFX4	0	-4.280631	0.205000
RFX5	0	1.348591	0.706000
RFX6	0	6.598837	0.035000
RFX7	0	5.428540	0.091000
RFX8	0	1.589726	0.662000
RFXANK	0	4.156214	0.216000
RFXAP	0	3.699343	0.271000
RGS11	0	-2.825929	0.421000
RGS6	0	-2.184859	0.520000
RGS7	0	-4.511763	0.179000
RGS9	0	2.447070	0.484000
RHOXF1	0	-2.829510	0.420000
RIOK2	0	4.065126	0.226000
RIPK3	0	4.996115	0.132000
RLF	0	2.073888	0.546000
RLIM	0	3.553012	0.301000
RNASE2	0	2.952695	0.402000
RNF113A	0	3.460003	0.317000
RNF113B	0	-4.466590	0.185000
RNF114	0	2.352327	0.500000
RNF125	0	-4.070393	0.225000
RNF138	0	4.287884	0.205000
RNF14	0	1.898367	0.590000
RNF166	0	-4.805028	0.152000
RNF2	0	2.724855	0.436000
RNF20	0	2.058008	0.550000
RNF4	0	-1.755712	0.623000
RORA	0	2.856856	0.414000
RORB	0	1.689415	0.634000
RORC	0	-1.268845	0.720000
RPA2	0	6.098136	0.056000
RPA4	0	-2.885246	0.409000
RREB1	0	1.182362	0.744000
RSF1	0	4.320505	0.198000
RUNX1	0	-0.890600	0.826000
RUNX2	0	3.208538	0.358000
RUNX3	0	-3.556993	0.298000
RUVBL1	0	7.263248	0.012000
RXRA	0	1.126931	0.756000
RXRB	0	-5.328874	0.098000
RXRG	0	-2.399064	0.491000
RYBP	0	4.405662	0.192000
SALL1	0	-3.204155	0.358000
SALL2	0	2.490249	0.477000
SALL3	0	-0.253302	0.956000
SALL4	0	-4.021532	0.230000
SAP130	0	0.769637	0.852000
SAP18	0	4.860273	0.146000
SAP30	0	-4.418143	0.189000
SAP30BP	0	4.284580	0.205000
SART3	0	3.207669	0.358000
SATB1	0	-0.772313	0.851000
SATB2	0	2.577316	0.468000
SCAI	0	4.601306	0.171000
SCAND1	0	-0.956517	0.812000
SCAPER	0	1.998322	0.561000
SCMH1	0	-0.048678	0.988000
SCML2	0	4.781208	0.155000
SCML4	0	-2.938954	0.406000
SCRT1	0	-4.635762	0.169000
SCRT2	0	1.386094	0.697000
SEBOX	0	-3.951412	0.237000
SEMA4A	0	-3.818388	0.256000
SERTAD1	0	-0.860651	0.837000
SERTAD2	0	3.456485	0.318000
SETBP1	0	-0.043251	0.989000
SETD1A	0	3.493572	0.312000
SETD1B	0	2.636747	0.451000
SETD4	0	3.746753	0.266000
SETD8	0	2.153697	0.527000
SETDB1	0	4.263349	0.206000
SETDB2	0	3.905273	0.244000
SF3A2	0	3.471516	0.316000
SF3A3	0	4.994324	0.132000
SHOX2	0	-2.462549	0.483000
SHPRH	0	3.683824	0.274000
SIAH1	0	0.327644	0.943000
SIAH2	0	4.319253	0.198000
SIM1	0	-3.295884	0.348000
SIM2	0	0.801608	0.843000
SIN3A	0	2.851342	0.415000
SIN3B	0	-0.029031	0.993000
SIRT1	0	3.517739	0.308000
SIX1	0	4.471215	0.185000
SIX2	0	-3.947986	0.238000
SIX3	0	-3.568776	0.297000
SIX4	0	5.120014	0.121000
SIX5	0	-2.883770	0.410000
SIX6	0	-2.273699	0.506000
SKI	0	2.408951	0.489000
SKIL	0	3.570991	0.296000
SLC22A4	0	2.911048	0.408000
SLC26A10	0	2.459724	0.483000
SLC26A3	0	2.035045	0.555000
SLC2A4RG	0	1.302178	0.713000
SLC30A9	0	3.237822	0.357000
SLC39A10	0	1.065756	0.770000
SLC4A10	0	0.376842	0.938000
SMAD1	0	4.075344	0.224000
SMAD2	0	3.453710	0.319000
SMAD3	0	1.349258	0.705000
SMAD4	0	0.488329	0.913000
SMAD5	0	2.896011	0.409000
SMAD6	0	4.010945	0.230000
SMAD7	0	3.234395	0.357000
SMAD9	0	-7.448496	0.010000
SMARCA1	0	-0.295680	0.946000
SMARCA2	0	1.774711	0.616000
SMARCA4	0	2.541475	0.472000
SMARCA5	0	2.101950	0.541000
SMARCAD1	0	4.325331	0.197000
SMARCAL1	0	4.049326	0.227000
SMARCB1	0	2.202572	0.517000
SMARCC1	0	4.596095	0.171000
SMARCC2	0	3.341961	0.340000
SMARCD1	0	6.745355	0.030000
SMARCD2	0	4.675962	0.164000
SMARCD3	0	-2.005839	0.560000
SMARCE1	0	5.526513	0.087000
SMYD1	0	-2.840948	0.418000
SNAI1	0	0.430381	0.929000
SNAI2	0	0.085070	0.984000
SNAI3	0	-3.338665	0.341000
SNAPC2	0	1.196214	0.739000
SNAPC4	0	-3.705306	0.270000
SND1	0	3.626132	0.285000
SNW1	0	5.195010	0.110000
SOHLH1	0	-4.525153	0.176000
SOHLH2	0	-2.132966	0.531000
SORBS2	0	-0.210092	0.966000
SOX1	0	2.424292	0.487000
SOX10	0	-3.414923	0.330000
SOX11	0	-4.713742	0.160000
SOX12	0	4.041099	0.228000
SOX13	0	-4.555096	0.174000
SOX14	0	1.643303	0.642000
SOX15	0	-2.994628	0.389000
SOX17	0	-4.321200	0.198000
SOX18	0	-2.938966	0.406000
SOX2	0	1.841909	0.597000
SOX21	0	2.785106	0.428000
SOX3	0	-4.509688	0.179000
SOX30	0	-3.692280	0.271000
SOX4	0	5.647664	0.079000
SOX5	0	0.912220	0.823000
SOX6	0	-4.738795	0.158000
SOX7	0	1.910988	0.586000
SOX8	0	-3.099500	0.374000
SOX9	0	0.194035	0.970000
SP1	0	3.491567	0.312000
SP100	0	2.247364	0.510000
SP110	0	4.382107	0.193000
SP140	0	5.120365	0.120000
SP140L	0	3.086469	0.377000
SP2	0	3.184194	0.359000
SP3	0	4.905178	0.141000
SP4	0	4.432403	0.189000
SP5	0	-4.386421	0.193000
SP6	0	-4.395092	0.192000
SP7	0	-4.397256	0.192000
SP8	0	2.032008	0.555000
SP9	0	1.152244	0.754000
SPDEF	0	-0.912957	0.823000
SPEN	0	3.316055	0.346000
SPI1	0	3.893393	0.247000
SPIB	0	-3.131400	0.368000
SPIC	0	6.153161	0.055000
SPZ1	0	-3.702439	0.270000
SRA1	0	0.799729	0.843000
SRCAP	0	0.354919	0.940000
SREBF1	0	1.183243	0.743000
SREBF2	0	0.701734	0.871000
SRF	0	-2.244415	0.510000
SRY	0	-0.769845	0.852000
SS18	0	1.245642	0.725000
SSB	0	4.858057	0.146000
SSH1	0	4.183440	0.215000
SSH2	0	5.414298	0.091000
SSH3	0	2.334134	0.501000
SSRP1	0	6.378364	0.046000
SSX1	0	1.628791	0.647000
ST18	0	5.018475	0.128000
STAT1	0	3.681153	0.274000
STAT2	0	4.186738	0.214000
STAT3	0	0.665801	0.881000
STAT4	0	4.871457	0.144000
STAT5A	0	2.575463	0.469000
STAT5B	0	-1.623495	0.649000
STAT6	0	0.176291	0.975000
SUB1	0	4.003582	0.231000
SUFU	0	-3.230380	0.357000
SUPT3H	0	4.602722	0.171000
SUPT4H1	0	4.241419	0.208000
SUPT5H	0	1.253014	0.724000
SUPT6H	0	2.333962	0.501000
SUPT7L	0	2.857766	0.414000
SUV39H1	0	5.192177	0.110000
SUV39H2	0	4.262585	0.207000
SUV420H1	0	-1.567415	0.665000
SUZ12	0	4.165050	0.215000
SYCP3	0	4.914803	0.140000
T	0	-4.040927	0.228000
TADA1	0	5.691329	0.075000
TADA2A	0	3.607796	0.287000
TADA2B	0	2.127204	0.533000
TADA3	0	-0.564411	0.898000
TAF1	0	3.968847	0.235000
TAF10	0	0.079058	0.984000
TAF4	0	2.420524	0.487000
TAF5L	0	4.178028	0.215000
TAF6L	0	3.851115	0.253000
TAF7	0	2.737033	0.433000
TAF9	0	4.410389	0.192000
TAF9B	0	2.876334	0.411000
TAL1	0	-4.641337	0.168000
TAL2	0	-3.571981	0.295000
TAX1BP1	0	3.750906	0.266000
TBL1X	0	0.093368	0.983000
TBL1XR1	0	4.373191	0.193000
TBL1Y	0	2.040840	0.555000
TBPL1	0	3.953972	0.237000
TBR1	0	-3.391740	0.333000
TBX1	0	4.811998	0.151000
TBX10	0	-4.637380	0.168000
TBX15	0	3.998264	0.231000
TBX18	0	1.094935	0.765000
TBX19	0	-1.982305	0.564000
TBX2	0	3.901883	0.245000
TBX20	0	-3.508646	0.310000
TBX21	0	-4.275941	0.206000
TBX22	0	1.002268	0.796000
TBX3	0	1.481301	0.676000
TBX4	0	-3.076555	0.382000
TBX5	0	-1.133158	0.755000
TBX6	0	-4.588062	0.172000
TCEAL8	0	5.007901	0.130000
TCERG1	0	1.289180	0.715000
TCF12	0	3.693110	0.271000
TCF15	0	-2.403404	0.490000
TCF19	0	2.700292	0.440000
TCF20	0	5.336062	0.098000
TCF21	0	1.484026	0.676000
TCF23	0	-4.651764	0.167000
TCF25	0	1.888126	0.591000
TCF3	0	3.385263	0.335000
TCF4	0	2.970597	0.393000
TCF7	0	-4.446348	0.187000
TCF7L1	0	-3.613350	0.286000
TCF7L2	0	-2.282896	0.505000
TCFL5	0	3.742463	0.267000
TDP2	0	0.746881	0.858000
TEAD1	0	0.440224	0.925000
TEAD2	0	-0.629461	0.890000
TEAD3	0	-0.264496	0.951000
TEAD4	0	3.960672	0.236000
TEF	0	3.920038	0.241000
TERF1	0	4.610432	0.170000
TERF2	0	1.927778	0.582000
TERF2IP	0	2.837460	0.419000
TFAM	0	5.882622	0.064000
TFAP2A	0	4.925441	0.138000
TFAP2B	0	-3.828938	0.255000
TFAP2C	0	3.642259	0.283000
TFAP2D	0	3.450589	0.320000
TFAP2E	0	-3.967842	0.235000
TFAP4	0	4.473711	0.185000
TFB2M	0	5.356121	0.096000
TFCP2	0	4.718146	0.160000
TFCP2L1	0	-0.842122	0.839000
TFDP1	0	4.144045	0.216000
TFDP2	0	2.515753	0.475000
TFDP3	0	-4.331759	0.196000
TFE3	0	3.229884	0.357000
TFEB	0	2.331951	0.501000
TFEC	0	4.013714	0.230000
TGFB1I1	0	-1.689867	0.634000
TGIF1	0	2.765587	0.429000
TGIF2	0	4.308231	0.201000
THAP1	0	6.606977	0.035000
THAP10	0	5.347139	0.097000
THAP11	0	3.791723	0.259000
THAP2	0	6.449251	0.044000
THAP3	0	-4.022517	0.230000
THAP4	0	-2.041882	0.555000
THAP5	0	2.087902	0.544000
THAP6	0	3.894734	0.247000
THAP7	0	3.795495	0.259000
THAP8	0	-2.165208	0.525000
THAP9	0	5.004083	0.131000
THRA	0	-1.974650	0.569000
THRAP3	0	1.930591	0.582000
THRB	0	2.154034	0.527000
TIGD2	0	4.674655	0.164000
TIGD3	0	-3.124651	0.369000
TIGD4	0	-2.689125	0.442000
TIGD5	0	0.341590	0.941000
TIGD6	0	2.535702	0.473000
TIGD7	0	4.852203	0.148000
TIPARP	0	2.343779	0.500000
TLE2	0	1.602149	0.657000
TLX1	0	-3.932482	0.240000
TLX2	0	-4.408339	0.192000
TLX3	0	-4.161560	0.215000
TMF1	0	2.657547	0.448000
TNP1	0	-1.355400	0.705000
TOE1	0	-4.792340	0.154000
TOX	0	1.581582	0.663000
TOX2	0	-4.578119	0.173000
TOX3	0	7.660832	0.006000
TOX4	0	4.915286	0.140000
TP53	0	5.221805	0.108000
TP53BP2	0	3.586606	0.292000
TP63	0	0.409986	0.933000
TP73	0	-4.572956	0.174000
TPRX1	0	-1.767264	0.618000
TRAFD1	0	5.419106	0.091000
TRERF1	0	2.793296	0.427000
TRIB3	0	4.632476	0.169000
TRIM22	0	1.121009	0.756000
TRIM23	0	2.372336	0.497000
TRIM24	0	4.940410	0.137000
TRIM28	0	3.250864	0.353000
TRIM3	0	0.635891	0.890000
TRIM32	0	5.325365	0.098000
TRIM58	0	2.894718	0.409000
TRIP10	0	0.311108	0.945000
TRIP11	0	5.710163	0.075000
TRIP13	1	8.935691	0.000000
TRIP4	0	4.248543	0.207000
TRIP6	0	2.016874	0.558000
TRIT1	0	4.814788	0.151000
TRMT1	0	3.742793	0.267000
TRPS1	0	2.504233	0.476000
TRRAP	0	2.988075	0.390000
TSC22D1	0	-0.338423	0.942000
TSC22D2	0	1.116285	0.757000
TSC22D3	0	0.822819	0.841000
TSC22D4	0	-0.480775	0.914000
TSG101	0	4.533184	0.175000
TSHZ1	0	4.039166	0.228000
TSHZ2	0	1.702423	0.632000
TSHZ3	0	2.022441	0.556000
TTF1	0	5.053472	0.126000
TUB	0	-5.044189	0.126000
TULP1	0	-4.021253	0.230000
TULP2	0	-4.407368	0.192000
TULP3	0	3.801331	0.258000
TULP4	0	3.216991	0.358000
TUT1	0	2.566296	0.470000
TWIST1	0	-3.873654	0.249000
TWIST2	0	-4.832479	0.150000
U2AF1	0	4.638034	0.168000
U2AF1L4	0	2.953963	0.401000
UBE2K	0	3.918964	0.241000
UBE2L3	0	2.331131	0.501000
UBE3A	0	2.893830	0.409000
UBP1	0	3.790105	0.260000
UBR4	0	2.875750	0.411000
UBTF	0	-0.458947	0.921000
UNCX	0	-4.674840	0.164000
UNK	0	-4.336942	0.195000
UNKL	0	-3.589616	0.292000
USF1	0	5.344782	0.097000
USF2	0	1.509287	0.671000
USP16	0	4.621515	0.170000
USP21	0	3.564102	0.297000
USP22	0	2.946178	0.404000
USP39	0	3.498511	0.311000
UTF1	0	-3.550603	0.301000
VAX1	0	-4.009819	0.230000
VAX2	0	-2.066015	0.549000
VDR	0	3.588248	0.292000
VENTX	0	-0.522627	0.905000
VEZF1	0	3.193866	0.358000
VGLL1	0	6.973317	0.024000
VGLL2	0	-4.519005	0.177000
VPS24	0	-3.889183	0.247000
VPS72	0	3.406634	0.331000
VSX1	0	-4.529443	0.176000
VSX2	0	-4.052517	0.227000
VTN	0	-3.584956	0.292000
WDHD1	0	7.449766	0.010000
WDR77	0	5.759723	0.073000
WHSC1	0	3.983512	0.234000
WIZ	0	-4.012703	0.230000
WNT4	0	-4.492908	0.181000
WNT8B	0	-3.976664	0.235000
WT1	0	1.835224	0.599000
WWC1	0	1.914929	0.585000
WWTR1	0	0.490631	0.912000
XBP1	0	-1.067700	0.770000
XPA	0	3.174421	0.359000
YAF2	0	6.000350	0.060000
YAP1	0	0.320472	0.944000
YBX1	0	-2.861782	0.413000
YBX2	0	-4.605255	0.171000
YEATS2	0	5.817033	0.070000
YEATS4	0	6.562577	0.037000
YOD1	0	5.424691	0.091000
YWHAB	0	4.554250	0.175000
YY1	0	4.887378	0.142000
YY2	0	4.342148	0.195000
ZBED2	0	-4.126575	0.218000
ZBED3	0	2.759445	0.430000
ZBED4	0	5.475723	0.089000
ZBP1	0	-3.813704	0.256000
ZBTB1	0	3.216380	0.358000
ZBTB10	0	2.240782	0.511000
ZBTB11	0	5.002826	0.132000
ZBTB16	0	-2.927761	0.407000
ZBTB17	0	-4.954325	0.135000
ZBTB2	0	4.466526	0.185000
ZBTB20	0	-0.253090	0.956000
ZBTB22	0	3.124993	0.369000
ZBTB24	0	4.009944	0.230000
ZBTB25	0	5.469380	0.090000
ZBTB26	0	3.473451	0.316000
ZBTB3	0	-1.934432	0.580000
ZBTB32	0	-4.764756	0.156000
ZBTB33	0	5.440260	0.091000
ZBTB34	0	4.474249	0.185000
ZBTB37	0	4.008925	0.230000
ZBTB38	0	1.056786	0.777000
ZBTB39	0	-0.227450	0.962000
ZBTB4	0	0.087300	0.984000
ZBTB40	0	1.669945	0.639000
ZBTB41	0	4.588430	0.172000
ZBTB42	0	2.673887	0.445000
ZBTB43	0	4.726575	0.159000
ZBTB44	0	4.047832	0.227000
ZBTB45	0	3.687468	0.272000
ZBTB46	0	-3.062024	0.383000
ZBTB47	0	1.252074	0.725000
ZBTB48	0	3.353256	0.338000
ZBTB49	0	-4.050038	0.227000
ZBTB5	0	4.537541	0.175000
ZBTB6	0	4.959643	0.135000
ZBTB7A	0	-3.529701	0.306000
ZBTB7B	0	0.888671	0.827000
ZBTB7C	0	-0.746062	0.858000
ZBTB8A	0	2.893525	0.409000
ZC3H10	0	-3.311342	0.347000
ZC3H11A	0	4.017468	0.230000
ZC3H13	0	1.576960	0.663000
ZC3H14	0	3.099388	0.374000
ZC3H15	0	4.464898	0.186000
ZC3H18	0	-4.366157	0.194000
ZC3H3	0	3.779450	0.262000
ZC3H4	0	1.701070	0.632000
ZC3H6	0	3.594390	0.291000
ZC3H7A	0	1.771998	0.616000
ZC3H7B	0	1.716075	0.630000
ZC3H8	0	4.776548	0.155000
ZC3HAV1	0	3.174139	0.359000
ZCCHC11	0	3.284890	0.348000
ZCCHC6	0	1.232136	0.733000
ZDHHC11	0	5.736537	0.074000
ZDHHC19	0	-4.099939	0.221000
ZEB1	0	0.616332	0.892000
ZEB2	0	2.305925	0.503000
ZFAT	0	5.950035	0.061000
ZFHX3	0	-0.407779	0.935000
ZFHX4	0	4.840616	0.149000
ZFP1	0	5.070097	0.125000
ZFP106	0	0.781709	0.849000
ZFP112	0	4.572506	0.174000
ZFP14	0	5.177342	0.112000
ZFP161	0	1.615456	0.651000
ZFP2	0	3.921198	0.241000
ZFP28	0	-2.098917	0.541000
ZFP3	0	4.614413	0.170000
ZFP30	0	5.568250	0.083000
ZFP36	0	-0.590373	0.893000
ZFP36L1	0	0.409490	0.933000
ZFP36L2	0	0.923024	0.820000
ZFP37	0	3.132336	0.368000
ZFP41	0	-3.934938	0.240000
ZFP42	0	-3.758112	0.265000
ZFP62	0	4.279632	0.205000
ZFP64	0	1.777939	0.615000
ZFP82	0	2.538369	0.472000
ZFP90	0	4.266954	0.206000
ZFP91	0	5.405784	0.092000
ZFP92	0	0.002804	0.999000
ZFPM1	0	-3.896490	0.246000
ZFPM2	0	-3.826828	0.255000
ZFR	0	3.367350	0.338000
ZFR2	0	-4.803282	0.152000
ZFX	0	1.849838	0.596000
ZFY	0	4.570844	0.174000
ZFYVE20	0	1.754559	0.623000
ZFYVE26	0	2.296092	0.504000
ZGLP1	0	-3.936680	0.240000
ZGPAT	0	-4.844889	0.149000
ZHX1	0	4.222279	0.210000
ZHX2	0	2.035448	0.555000
ZHX3	0	4.872301	0.143000
ZIC1	0	-2.885715	0.409000
ZIC2	0	-3.393340	0.333000
ZIC3	0	-1.731336	0.624000
ZIC4	0	-4.138137	0.217000
ZIC5	0	-1.816599	0.603000
ZIK1	0	0.419475	0.930000
ZIM2	0	-1.771749	0.616000
ZIM3	0	-3.946364	0.238000
ZKSCAN1	0	1.473701	0.677000
ZKSCAN2	0	4.140851	0.216000
ZKSCAN3	0	4.603942	0.171000
ZKSCAN4	0	0.903829	0.824000
ZKSCAN5	0	-4.580156	0.173000
ZMAT1	0	2.844507	0.418000
ZMAT2	0	2.732102	0.433000
ZMAT3	0	4.238907	0.208000
ZMAT4	0	-4.161327	0.215000
ZMAT5	0	-2.785212	0.428000
ZMIZ1	0	1.832570	0.600000
ZMIZ2	0	-0.432707	0.928000
ZMYM3	0	3.467119	0.317000
ZNF10	0	4.137726	0.217000
ZNF100	0	5.357843	0.096000
ZNF101	0	-2.985463	0.391000
ZNF107	0	5.908022	0.062000
ZNF114	0	-1.451607	0.680000
ZNF117	0	6.517228	0.040000
ZNF12	0	4.902892	0.141000
ZNF121	0	5.699724	0.075000
ZNF124	0	5.215504	0.109000
ZNF131	0	5.126622	0.120000
ZNF132	0	-2.934356	0.406000
ZNF133	0	-4.187541	0.214000
ZNF134	0	5.563735	0.084000
ZNF135	0	-3.963569	0.236000
ZNF136	0	4.110572	0.220000
ZNF138	0	6.016173	0.059000
ZNF14	0	4.630775	0.169000
ZNF140	0	5.303430	0.099000
ZNF141	0	4.356105	0.194000
ZNF142	0	2.814567	0.422000
ZNF143	0	4.831567	0.150000
ZNF146	0	6.340349	0.048000
ZNF148	0	3.865208	0.251000
ZNF154	0	-0.946576	0.814000
ZNF155	0	2.793429	0.427000
ZNF157	0	-1.998936	0.561000
ZNF16	0	-0.189952	0.971000
ZNF160	0	3.827736	0.255000
ZNF165	0	4.568346	0.174000
ZNF167	0	-2.405918	0.490000
ZNF169	0	-3.185904	0.358000
ZNF17	0	5.052173	0.126000
ZNF174	0	5.200465	0.110000
ZNF175	0	4.536257	0.175000
ZNF18	0	3.480645	0.315000
ZNF180	0	-4.278577	0.205000
ZNF181	0	3.041842	0.384000
ZNF182	0	-1.835896	0.599000
ZNF184	0	5.678262	0.076000
ZNF185	0	2.073300	0.546000
ZNF187	0	3.950408	0.237000
ZNF189	0	3.998994	0.231000
ZNF19	0	-3.396681	0.333000
ZNF192	0	1.769398	0.617000
ZNF193	0	5.007719	0.130000
ZNF195	0	4.925531	0.138000
ZNF197	0	4.764613	0.156000
ZNF2	0	-0.963639	0.811000
ZNF20	0	-4.008212	0.230000
ZNF200	0	1.610071	0.654000
ZNF202	0	-3.333712	0.344000
ZNF205	0	-4.284752	0.205000
ZNF207	0	3.585351	0.292000
ZNF208	0	2.949337	0.403000
ZNF211	0	4.736854	0.159000
ZNF212	0	-4.291701	0.205000
ZNF213	0	-3.978040	0.235000
ZNF214	0	-3.253338	0.352000
ZNF215	0	4.059871	0.226000
ZNF217	0	4.286689	0.205000
ZNF219	0	4.321933	0.198000
ZNF22	0	3.472671	0.316000
ZNF221	0	5.041226	0.126000
ZNF222	0	4.616209	0.170000
ZNF223	0	4.976277	0.134000
ZNF224	0	5.078125	0.125000
ZNF225	0	4.872082	0.143000
ZNF226	0	-2.522233	0.475000
ZNF227	0	-0.353613	0.940000
ZNF229	0	4.719956	0.160000
ZNF23	0	3.026079	0.385000
ZNF230	0	5.192030	0.110000
ZNF232	0	4.903867	0.141000
ZNF233	0	1.752844	0.623000
ZNF234	0	4.570318	0.174000
ZNF235	0	3.759875	0.265000
ZNF236	0	1.077477	0.768000
ZNF238	0	4.609642	0.170000
ZNF239	0	0.247612	0.957000
ZNF24	0	3.134893	0.366000
ZNF248	0	3.160973	0.359000
ZNF25	0	3.430740	0.327000
ZNF250	0	4.758370	0.156000
ZNF251	0	4.940388	0.137000
ZNF253	0	6.534927	0.039000
ZNF254	0	2.949852	0.403000
ZNF256	0	4.308559	0.201000
ZNF257	0	4.952488	0.136000
ZNF26	0	4.878410	0.142000
ZNF260	0	5.930096	0.062000
ZNF263	0	-2.789678	0.427000
ZNF264	0	3.410847	0.331000
ZNF266	0	-1.975052	0.569000
ZNF267	0	5.288245	0.100000
ZNF268	0	-1.158924	0.752000
ZNF273	0	5.860181	0.066000
ZNF274	0	4.258159	0.207000
ZNF275	0	2.925712	0.407000
ZNF276	0	2.134357	0.530000
ZNF277	0	4.982266	0.133000
ZNF28	0	2.209232	0.516000
ZNF280A	0	1.642651	0.642000
ZNF280B	0	3.528691	0.306000
ZNF280C	0	4.316069	0.199000
ZNF280D	0	4.173014	0.215000
ZNF281	0	5.053663	0.126000
ZNF282	0	3.074586	0.382000
ZNF283	0	3.358629	0.338000
ZNF284	0	5.443814	0.090000
ZNF285	0	3.713146	0.270000
ZNF286A	0	5.310569	0.099000
ZNF287	0	4.037367	0.229000
ZNF292	0	0.653121	0.884000
ZNF295	0	-4.314605	0.200000
ZNF296	0	-3.791420	0.260000
ZNF3	0	5.454496	0.090000
ZNF30	0	1.267525	0.721000
ZNF300	0	5.828962	0.068000
ZNF302	0	0.015186	0.997000
ZNF304	0	-0.924238	0.820000
ZNF317	0	2.995897	0.389000
ZNF318	0	3.870159	0.249000
ZNF319	0	-3.238321	0.357000
ZNF32	0	4.051416	0.227000
ZNF320	0	5.741854	0.074000
ZNF322A	0	6.048870	0.058000
ZNF323	0	2.504803	0.476000
ZNF324	0	-4.273167	0.206000
ZNF324B	0	-3.952375	0.237000
ZNF326	0	4.754288	0.157000
ZNF329	0	4.483418	0.182000
ZNF331	0	1.566245	0.666000
ZNF333	0	-4.392236	0.192000
ZNF334	0	-1.530179	0.669000
ZNF335	0	-0.453628	0.923000
ZNF337	0	-1.418077	0.690000
ZNF33A	0	4.820979	0.151000
ZNF33B	0	4.784360	0.155000
ZNF34	0	0.555660	0.899000
ZNF341	0	-3.607442	0.287000
ZNF343	0	-0.827942	0.840000
ZNF345	0	5.213986	0.109000
ZNF346	0	3.465002	0.317000
ZNF347	0	4.634139	0.169000
ZNF35	0	3.580653	0.293000
ZNF350	0	-1.390540	0.696000
ZNF354A	0	5.343310	0.097000
ZNF354B	0	4.808859	0.151000
ZNF354C	0	-1.884603	0.591000
ZNF358	0	-0.985549	0.806000
ZNF362	0	-4.015407	0.230000
ZNF365	0	-2.857312	0.414000
ZNF366	0	-4.689501	0.163000
ZNF367	0	10.115758	0.000000
ZNF37A	0	5.691043	0.075000
ZNF382	0	5.286125	0.100000
ZNF383	0	4.928446	0.138000
ZNF384	0	-3.984323	0.234000
ZNF385A	0	1.532214	0.669000
ZNF385B	0	2.230611	0.512000
ZNF385D	0	3.314407	0.346000
ZNF391	0	-4.193130	0.214000
ZNF394	0	3.764531	0.264000
ZNF395	0	0.316486	0.944000
ZNF396	0	2.770005	0.428000
ZNF397	0	4.030079	0.229000
ZNF398	0	4.246946	0.207000
ZNF404	0	3.863223	0.252000
ZNF407	0	0.833517	0.839000
ZNF408	0	-4.382219	0.193000
ZNF41	0	5.179954	0.112000
ZNF410	0	3.615586	0.285000
ZNF414	0	-2.116697	0.536000
ZNF415	0	2.264053	0.507000
ZNF416	0	-4.304146	0.201000
ZNF417	0	4.349632	0.195000
ZNF418	0	4.021194	0.230000
ZNF419	0	4.373174	0.193000
ZNF420	0	5.315009	0.099000
ZNF423	0	2.777426	0.428000
ZNF425	0	-4.182572	0.215000
ZNF426	0	4.389936	0.192000
ZNF428	0	-3.768165	0.263000
ZNF429	0	5.288659	0.100000
ZNF43	0	6.717494	0.030000
ZNF430	0	4.890855	0.141000
ZNF431	0	2.828948	0.420000
ZNF432	0	2.669156	0.447000
ZNF433	0	4.201300	0.213000
ZNF434	0	2.903776	0.408000
ZNF436	0	4.206119	0.212000
ZNF438	0	5.079827	0.125000
ZNF439	0	2.537768	0.472000
ZNF44	0	3.973920	0.235000
ZNF440	0	4.867125	0.144000
ZNF441	0	4.528822	0.176000
ZNF442	0	-4.465171	0.186000
ZNF443	0	2.160575	0.526000
ZNF444	0	-3.548342	0.301000
ZNF445	0	3.258244	0.351000
ZNF446	0	-4.664521	0.165000
ZNF449	0	-3.751782	0.266000
ZNF45	0	4.820484	0.151000
ZNF451	0	2.943403	0.404000
ZNF454	0	-5.107668	0.121000
ZNF460	0	3.493736	0.312000
ZNF461	0	5.287226	0.100000
ZNF462	0	-1.692929	0.633000
ZNF467	0	3.637541	0.284000
ZNF468	0	4.137694	0.217000
ZNF469	0	-4.339219	0.195000
ZNF470	0	4.735097	0.159000
ZNF471	0	4.077030	0.224000
ZNF473	0	3.605720	0.288000
ZNF474	0	-2.375034	0.497000
ZNF479	0	3.744497	0.267000
ZNF48	0	3.481401	0.315000
ZNF480	0	4.634168	0.169000
ZNF483	0	1.111528	0.758000
ZNF484	0	4.509242	0.179000
ZNF485	0	5.218569	0.108000
ZNF486	0	5.866168	0.066000
ZNF488	0	-3.863603	0.251000
ZNF490	0	4.650054	0.167000
ZNF491	0	2.741132	0.432000
ZNF492	0	3.593541	0.291000
ZNF493	0	4.753192	0.157000
ZNF496	0	2.490395	0.477000
ZNF497	0	-4.320105	0.198000
ZNF498	0	-4.221902	0.210000
ZNF500	0	-4.004933	0.231000
ZNF501	0	3.069213	0.382000
ZNF502	0	4.893862	0.141000
ZNF503	0	2.262546	0.508000
ZNF506	0	4.860175	0.146000
ZNF507	0	4.493048	0.181000
ZNF510	0	4.568587	0.174000
ZNF511	0	1.934701	0.580000
ZNF512	0	1.522483	0.670000
ZNF512B	0	1.810659	0.605000
ZNF513	0	-4.734625	0.159000
ZNF514	0	3.535464	0.306000
ZNF516	0	0.294344	0.947000
ZNF517	0	-3.576504	0.295000
ZNF518A	0	3.564366	0.297000
ZNF518B	0	4.041454	0.228000
ZNF519	0	4.529607	0.176000
ZNF521	0	-0.139468	0.979000
ZNF524	0	-4.996472	0.132000
ZNF526	0	-4.023684	0.230000
ZNF527	0	-1.734901	0.624000
ZNF528	0	4.053467	0.227000
ZNF529	0	4.774525	0.156000
ZNF530	0	-4.128462	0.218000
ZNF532	0	-7.792557	0.005000
ZNF534	0	5.910064	0.062000
ZNF536	0	-3.888000	0.248000
ZNF540	0	2.251637	0.510000
ZNF541	0	-2.089085	0.544000
ZNF543	0	4.719513	0.160000
ZNF544	0	5.236355	0.107000
ZNF546	0	6.213245	0.054000
ZNF547	0	4.491448	0.181000
ZNF548	0	4.813340	0.151000
ZNF549	0	-1.305380	0.712000
ZNF550	0	-4.663786	0.166000
ZNF551	0	5.545747	0.085000
ZNF552	0	2.841151	0.418000
ZNF554	0	0.176782	0.975000
ZNF555	0	2.940070	0.406000
ZNF556	0	-1.856324	0.595000
ZNF557	0	2.786312	0.427000
ZNF558	0	-1.492079	0.674000
ZNF559	0	1.779218	0.614000
ZNF560	0	-0.709673	0.870000
ZNF561	0	4.476310	0.184000
ZNF562	0	5.189179	0.111000
ZNF563	0	-0.139564	0.979000
ZNF564	0	4.411296	0.191000
ZNF565	0	5.718509	0.075000
ZNF566	0	5.924771	0.062000
ZNF567	0	5.174333	0.112000
ZNF568	0	5.415939	0.091000
ZNF569	0	5.949515	0.061000
ZNF57	0	3.989025	0.233000
ZNF570	0	4.835657	0.149000
ZNF571	0	5.130101	0.120000
ZNF572	0	3.946083	0.238000
ZNF573	0	5.127452	0.120000
ZNF574	0	4.802123	0.152000
ZNF575	0	-1.071503	0.769000
ZNF576	0	-4.365088	0.194000
ZNF577	0	-1.539564	0.669000
ZNF578	0	-3.036732	0.385000
ZNF579	0	-4.217804	0.211000
ZNF580	0	2.404088	0.490000
ZNF581	0	-3.228587	0.357000
ZNF582	0	4.773347	0.156000
ZNF583	0	5.469876	0.090000
ZNF584	0	-3.083593	0.379000
ZNF585A	0	5.817173	0.070000
ZNF585B	0	5.249838	0.105000
ZNF586	0	-0.666310	0.881000
ZNF587	0	1.824045	0.601000
ZNF589	0	-0.269753	0.949000
ZNF592	0	3.667066	0.276000
ZNF593	0	3.313285	0.346000
ZNF594	0	4.084342	0.223000
ZNF595	0	3.066895	0.382000
ZNF596	0	4.227788	0.208000
ZNF597	0	5.509683	0.088000
ZNF598	0	3.705316	0.270000
ZNF599	0	3.563619	0.297000
ZNF600	0	2.715846	0.438000
ZNF605	0	5.750793	0.074000
ZNF606	0	-1.618436	0.650000
ZNF607	0	6.667993	0.032000
ZNF608	0	-3.660885	0.277000
ZNF609	0	1.823734	0.601000
ZNF610	0	4.287863	0.205000
ZNF611	0	2.535871	0.473000
ZNF613	0	-3.276741	0.349000
ZNF614	0	2.495741	0.476000
ZNF615	0	1.871720	0.592000
ZNF616	0	4.471332	0.185000
ZNF618	0	3.925356	0.241000
ZNF619	0	3.552724	0.301000
ZNF620	0	-4.295910	0.204000
ZNF621	0	0.198567	0.969000
ZNF622	0	-2.104941	0.540000
ZNF623	0	5.920502	0.062000
ZNF624	0	-3.281195	0.349000
ZNF626	0	0.759112	0.854000
ZNF627	0	3.752566	0.266000
ZNF628	0	-4.316988	0.199000
ZNF629	0	-3.699310	0.271000
ZNF630	0	4.302134	0.202000
ZNF638	0	2.013951	0.559000
ZNF639	0	5.327432	0.098000
ZNF641	0	4.534156	0.175000
ZNF642	0	-0.697535	0.872000
ZNF643	0	5.401211	0.092000
ZNF644	0	3.652693	0.281000
ZNF645	0	-4.403830	0.192000
ZNF646	0	-3.991275	0.232000
ZNF648	0	-4.097024	0.221000
ZNF649	0	-0.791579	0.847000
ZNF652	0	1.636365	0.643000
ZNF653	0	-1.728880	0.624000
ZNF654	0	4.673399	0.164000
ZNF655	0	0.394023	0.937000
ZNF658	0	-3.713454	0.270000
ZNF660	0	2.611010	0.455000
ZNF662	0	1.991610	0.563000
ZNF664	0	5.314507	0.099000
ZNF665	0	3.747097	0.266000
ZNF667	0	2.726197	0.435000
ZNF668	0	-3.233681	0.357000
ZNF669	0	4.513853	0.179000
ZNF670	0	4.174363	0.215000
ZNF671	0	-1.486006	0.676000
ZNF672	0	1.575264	0.663000
ZNF674	0	-3.950431	0.237000
ZNF675	0	6.038704	0.058000
ZNF676	0	1.750573	0.623000
ZNF677	0	3.871132	0.249000
ZNF678	0	4.618712	0.170000
ZNF679	0	-0.205152	0.966000
ZNF680	0	5.014443	0.129000
ZNF681	0	6.805471	0.029000
ZNF682	0	5.929495	0.062000
ZNF683	0	-4.364946	0.194000
ZNF684	0	3.788885	0.260000
ZNF687	0	3.642172	0.283000
ZNF688	0	-3.331515	0.345000
ZNF689	0	-1.416329	0.691000
ZNF69	0	-4.465232	0.186000
ZNF691	0	-3.917333	0.241000
ZNF692	0	0.078300	0.984000
ZNF695	0	4.717042	0.160000
ZNF696	0	-1.224576	0.734000
ZNF697	0	0.123972	0.981000
ZNF699	0	2.172940	0.524000
ZNF7	0	4.997283	0.132000
ZNF70	0	2.371183	0.497000
ZNF700	0	4.314770	0.200000
ZNF701	0	4.040951	0.228000
ZNF703	0	1.883838	0.592000
ZNF704	0	3.257997	0.351000
ZNF705A	0	3.607127	0.288000
ZNF706	0	-4.565512	0.174000
ZNF707	0	2.479416	0.479000
ZNF708	0	5.582697	0.082000
ZNF709	0	-1.366234	0.702000
ZNF71	0	-4.184518	0.215000
ZNF710	0	-4.323268	0.197000
ZNF711	0	2.723641	0.436000
ZNF713	0	4.194502	0.214000
ZNF714	0	4.148110	0.216000
ZNF716	0	2.081373	0.545000
ZNF717	0	0.719102	0.869000
ZNF718	0	5.292122	0.100000
ZNF720	0	0.297791	0.946000
ZNF721	0	3.961013	0.236000
ZNF732	0	4.700419	0.162000
ZNF737	0	5.004512	0.131000
ZNF74	0	-2.265951	0.507000
ZNF740	0	4.880930	0.142000
ZNF746	0	-1.394683	0.694000
ZNF747	0	-4.552117	0.175000
ZNF749	0	5.760728	0.072000
ZNF750	0	3.731822	0.267000
ZNF75A	0	4.550577	0.175000
ZNF75D	0	3.966242	0.235000
ZNF76	0	-4.765002	0.156000
ZNF761	0	-3.292814	0.348000
ZNF763	0	4.761269	0.156000
ZNF764	0	-3.519002	0.308000
ZNF765	0	4.222262	0.210000
ZNF766	0	5.128898	0.120000
ZNF768	0	4.580285	0.173000
ZNF77	0	4.081510	0.224000
ZNF770	0	4.443322	0.188000
ZNF771	0	-3.001864	0.388000
ZNF772	0	3.318019	0.346000
ZNF773	0	-2.766607	0.429000
ZNF774	0	-3.830042	0.255000
ZNF775	0	-3.089155	0.376000
ZNF776	0	4.408923	0.192000
ZNF777	0	-2.628483	0.452000
ZNF778	0	3.288546	0.348000
ZNF780A	0	5.092619	0.124000
ZNF780B	0	3.836564	0.255000
ZNF781	0	-4.306977	0.201000
ZNF782	0	4.160389	0.216000
ZNF784	0	-4.756527	0.157000
ZNF785	0	-4.821616	0.151000
ZNF786	0	0.343708	0.941000
ZNF787	0	-2.790061	0.427000
ZNF789	0	2.051628	0.551000
ZNF79	0	0.699517	0.872000
ZNF790	0	6.093140	0.056000
ZNF791	0	4.445503	0.188000
ZNF792	0	4.631164	0.169000
ZNF793	0	0.402306	0.937000
ZNF799	0	-2.679808	0.444000
ZNF8	0	-3.089223	0.376000
ZNF80	0	-4.066730	0.225000
ZNF800	0	4.874842	0.143000
ZNF804A	0	-3.723323	0.268000
ZNF804B	0	-1.910296	0.586000
ZNF805	0	4.363889	0.194000
ZNF808	0	3.701273	0.270000
ZNF81	0	4.123706	0.218000
ZNF813	0	-0.037105	0.990000
ZNF814	0	2.753575	0.430000
ZNF821	0	-3.867936	0.250000
ZNF823	0	5.260575	0.104000
ZNF827	0	-0.761447	0.854000
ZNF828	0	2.935767	0.406000
ZNF829	0	7.413083	0.011000
ZNF83	0	-4.050909	0.227000
ZNF830	0	4.402279	0.192000
ZNF831	0	-4.647566	0.168000
ZNF835	0	-3.574012	0.295000
ZNF836	0	1.725134	0.625000
ZNF837	0	-4.284938	0.205000
ZNF839	0	2.728285	0.435000
ZNF84	0	-4.201978	0.213000
ZNF841	0	-1.525597	0.670000
ZNF843	0	-4.368936	0.194000
ZNF844	0	3.163744	0.359000
ZNF845	0	3.063046	0.383000
ZNF846	0	3.504586	0.311000
ZNF85	0	5.292178	0.100000
ZNF860	0	3.861909	0.252000
ZNF878	0	4.040942	0.228000
ZNF879	0	-3.924971	0.241000
ZNF880	0	3.917735	0.241000
ZNF90	0	2.394952	0.491000
ZNF91	0	1.865459	0.593000
ZNF92	0	6.195259	0.054000
ZNF93	0	7.765425	0.005000
ZNF99	0	-1.352371	0.705000
ZNFX1	0	3.495731	0.312000
ZRSR2	0	-3.072019	0.382000
ZSCAN1	0	-4.402119	0.192000
ZSCAN10	0	3.155978	0.361000
ZSCAN12	0	2.851788	0.415000
ZSCAN16	0	5.378781	0.093000
ZSCAN18	0	-1.968212	0.572000
ZSCAN2	0	-3.890251	0.247000
ZSCAN20	0	4.079630	0.224000
ZSCAN21	0	2.278756	0.505000
ZSCAN22	0	-1.369497	0.701000
ZSCAN23	0	-3.076072	0.382000
ZSCAN29	0	3.523839	0.307000
ZSCAN4	0	-3.256208	0.352000
ZSCAN5A	0	1.304979	0.712000
ZSCAN5B	0	-3.706126	0.270000
ZUFSP	0	4.981677	0.133000
ZXDA	0	-4.353866	0.194000
ZXDB	0	3.164228	0.359000
ZXDC	0	-3.864852	0.251000
ZYX	0	-0.059553	0.987000
ZZZ3	0	3.758523	0.265000
